# samples
3.92737
2.89439
1.72666
1.76669
0.70261
0.421411
4.2638
1.13013
1.65251
1.14526
1.99944
1.10762
4.92766
4.58341
0.498261
1.23787
1.2617
1.21933
1.73329
0.997033
2.62544
0.377094
1.78708
2.81014
1.4691
1.00031
4.12936
0.477163
1.60969
1.56646
0.591517
4.97546
1.08908
37.1118
0.48244
1.45802
1.08794
1.65042
4.72035
1.03508
6.4875
1.20931
1.03367
1.91371
4.01452
0.821866
9.51182
1.28295
11.2607
0.962625
1.97315
1.49577
212.589
3.10161
1.27837
1.43827
1.71241
3.9118
1.62167
1.29251
2.33552
1.13931
1.87719
1.81731
10.5263
1.05729
2.93911
1.13858
4.42985
1.03749
8.17951
19.1005
1.14728
1.02333
3.09205
1.11541
0.912441
1.38665
1.1103
5.38039
1.10571
1.0949
3.74294
0.477521
0.726172
1.15615
2.43625
1.32545
1.31341
2.25841
2.96965
10.0994
4.07052
0.764261
1.3554
0.409295
3.66091
1.2258
0.454005
1.81593
1.15115
1.49124
1.14647
1.52214
1.54703
1.04268
1.11478
2.98552
4.57879
1.14668
1.92284
0.407771
10.3042
1.22572
2.30691
56.5043
89.3561
40.7073
4.92684
0.992305
1.16635
0.831606
3.48219
0.501244
2.15109
1.4451
0.53198
1.31951
1.00957
6.93735
1.14217
1.68796
3.02677
1.23471
1.16252
1.21236
39.2847
1.43358
1.0497
6.99443
0.60925
1.30046
7.73656
0.54487
0.738296
1.03446
1.04014
5.10346
1.10573
0.349697
1.01958
10.0677
0.384962
1.80192
1.64052
1.2322
60.963
1.42827
1.52767
4.30568
0.754337
8.56799
0.594126
0.604898
1.7566
54.7628
0.398608
1.53299
3.17379
1.39121
2.12138
2.17538
19.4987
1.2486
4.75316
3.6988
8.41347
1.17765
3.51195
1.10339
0.53256
0.424075
1.07511
43.6808
3.76181
1.55795
1.35627
11.5087
0.891816
0.79072
1.58856
3.19773
1.14873
77.6351
1.13332
0.390123
3.31638
2.57515
1.00064
2.19211
1.37371
0.946811
0.349585
1.37389
0.443346
1.42867
1.13864
0.356687
1.66083
0.807835
1.1736
7.02124
0.693565
4.28298
0.391486
28.8697
6.19777
1.95963
1.84107
2.51213
0.339985
1.7203
1.40815
1.05428
1.3854
1.67308
1.57489
1.56013
1.12385
3.22132
1.47276
1.25477
1.03272
3.2091
1.97914
1.21223
3.00888
0.959038
1.09963
4.47434
0.59454
21.9599
1.04832
1.28539
1.66782
1.45806
1.28211
0.886344
1.51587
1.15362
4.97992
0.900558
1.63772
3.75886
2.32001
1.61883
1.98161
4.94136
2.82299
1.09057
2.82364
1.86481
1.4547
3.47206
20.2439
0.518232
0.607836
1.2099
1.09094
2.36656
0.653011
0.547565
1.28634
2.86589
2.98299
0.444533
1.39424
5.43077
1.06294
1.70235
0.822369
0.343393
9.63183
1.23219
1.07415
3.93797
1.41906
1.90599
8.0599
1.38644
14.1363
0.491343
1.31285
0.517372
0.354031
1.00133
10.8149
1.15405
4.58391
1.79976
0.35375
1.2225
1.62091
2.10928
3.22459
2.16337
1.04189
1.56136
0.837166
1.1959
1.05382
1.42551
0.66312
1.49651
1.12888
4.64736
0.827933
23.0082
2.9705
1.33891
0.592219
0.651157
0.622605
2.16457
1.52631
2.2253
1.69814
6.09876
1.77161
1.01476
0.774098
1.42202
4.16731
3.61555
1.07497
1.0222
4.42428
1.02745
0.989228
1.14139
1.27623
0.76416
1.62508
1.755
7.85034
1.69507
3.53887
1.12556
1.61131
1.40491
5.39081
1.71698
1.68681
1.012
2.27633
1.79091
1.83508
1.08876
4.19761
2.61653
4.04976
3.15422
1.17723
1.10529
1.6704
0.924776
1.02552
4.57817
1.42257
1.04626
1.02031
1.74509
1.13479
0.968791
2.77211
5.8805
1.02122
1.19981
0.744349
15.7614
1.03326
0.437156
0.352166
6.34333
1.28611
4.27292
1.13585
0.508195
1.08406
3.98828
1.4604
1.2349
1.22155
2.48871
0.546626
2.29028
3.68516
0.659525
3.2751
2.12869
1.43105
1.33689
1.99524
1.214
0.834135
1.48012
1.18387
1.2636
5.0208
1.01437
1.0368
0.632081
1.22953
2.48648
1.15373
0.746534
1.53843
1.46483
2.01779
2.11816
2.39668
2.53621
4.30616
3.599
1.08254
3.85642
1.08774
1.06058
1.22202
1.15088
1.56713
1.89044
1.49367
1.7404
1.05048
9.82463
45.4989
1.0087
2.27456
1.06665
2.60342
1.76851
1.16082
112.581
3.67542
1.59196
1.1629
1.05546
1.50043
0.473339
1.75138
1.14277
5.34493
6.44935
1.18996
1.99336
6.96514
2.63484
7.72365
2.15557
3.19617
1.60526
0.368627
0.35048
0.924005
1.51125
0.658135
1.08386
2.36112
0.411913
2.52294
1.2547
2.47333
225.305
1.01112
1.01816
1.68138
1.23572
2.29886
0.797297
0.472687
1.69422
0.364713
1.32735
1.85052
0.335004
1.00944
1.12259
2.13449
5.84974
1.06815
0.898436
0.427267
1.61714
1.46039
1.056
3.63206
1.35108
2.82377
1.35059
3.30029
1.07678
0.549423
1.39511
7.06755
0.383359
3.90321
2.71124
0.385176
0.351755
1.99714
0.481865
1.60879
0.598011
43.67
1.74152
1.02541
9.75994
1.6374
1.36174
1.45319
0.842167
1.45299
3.04984
1.0816
2.33433
1.68293
0.362964
3.07591
1.01075
4.04678
1.06362
0.42239
3.34784
6.65204
1.04503
69.6364
0.450646
1.05665
0.401038
0.600263
4.20306
1.00516
1.01064
6.24664
1.07171
0.706986
2.6361
1.453
8.74866
1.05748
0.524155
2.15373
0.652339
0.64705
1.29481
1.02132
1.82569
1.26974
1.10829
1.15795
1.29951
1.14441
7.43495
0.696607
0.694218
1.98004
3.89437
0.60382
1.6123
2.09352
1.31914
1.35193
3.54706
0.334962
1.00958
1.65267
27.0677
0.400093
1.44634
1.61087
0.450145
0.399636
1.2093
2.32045
1.10477
8.72844
2.18682
1.44068
0.668696
1.08389
0.774877
0.951095
1.63632
2.77253
4.57266
1.24758
1.56886
1.93279
1.15828
1.03631
1.14948
0.705714
1.70702
4.035
1.23855
1.19718
4.39703
0.421218
1.37735
2.02126
1.05852
1.12282
1.19959
1.20824
1.84381
37.6477
90.2009
1.12001
1.34787
1.84919
3.4616
1.44934
5.91804
0.592254
31.468
1.66137
1.2
5.46156
2.34085
2.99176
2.43034
1.07558
48.5504
1.02539
1.80656
11.8074
1.48809
1.97238
0.398794
46.0276
3.36225
4.44695
32.0984
2.43129
4.49878
12.1527
10.7771
3.1814
2.28716
1.56684
1.12274
3.38311
1.04746
0.339539
2.16274
0.512461
0.81351
0.598634
2.80971
1.86104
25.817
1.77083
0.73863
1.07123
1.59465
2.23805
1.15588
1.08011
0.743837
1.88214
2.43479
0.949262
7.26659
1.03899
0.36992
1.2656
1.32273
1.16846
1.3164
0.436077
0.349612
1.05796
3.1167
2.18308
9.8975
1.31276
1.56955
0.514667
1.71541
2.90464
1.1412
1.28499
4.94654
0.428572
1.7761
1.98602
1.2002
1.10368
1.01891
1.21909
2.24173
1.18077
1.06083
1.02768
2.01849
3.31423
1.27563
8.31914
1.91721
1.57107
1.22944
1.33757
0.733107
4.00982
2.07335
1.57273
1.58784
1.22353
1.94946
3.77247
0.375468
1.25012
2.62556
1.00999
1.05593
1.00253
0.535853
12.3627
1.71487
1.05802
1.68477
1.76397
1.18754
4.75058
6.89832
2.22166
0.883458
3.67877
2.82708
7.24009
1.60585
2.08636
1.78889
0.525134
0.598384
1.27287
0.608686
0.659385
1.15888
1.07541
1.35799
1.34299
1.26693
1.45049
3.19572
0.507978
1.5845
1.70791
1.07604
0.505163
3.48503
0.605922
3.20965
2.70959
0.727232
1.20855
1.30841
1.13859
0.677284
1.1099
1.04343
1.22753
1.12522
0.503979
1.14826
1.16019
0.939234
6.09187
1.12104
1.02367
0.629186
3.2416
41.3803
33.8416
7.27413
1.0432
4.13916
9.3209
1.01892
2.00441
5.88229
1.02865
1.45682
1.60856
1.86231
1.30076
1.36617
1.20661
1.78709
1.04901
1.70473
1.23102
1.01173
11.9604
1.71492
1.18941
10.5335
2.10352
0.952135
3.1316
10.4957
3.3724
1.11979
1.46453
2.92294
0.333527
1.61411
1.18197
2.47291
3.38493
2.31341
1.33677
1.23202
1.56918
1.21568
5.3653
1.94859
1.31569
130.031
1.20625
0.550776
0.446661
1.15153
2.54081
1.58239
1.06773
1.0533
0.541967
0.496398
7.55869
0.443648
1.64205
1.30886
1.65876
1.00217
1.18334
1.84027
0.730789
1.00221
0.708109
0.886155
0.467268
1.33263
0.780638
2.27214
1.22965
0.678541
7.7713
1.57676
1.68723
1.3496
0.645794
0.691692
3.57025
1.98017
2.35761
0.974499
1.06252
4.98775
1.53054
2.24563
1.13445
3.27571
1.51845
0.391299
26.8233
3.6486
1.62892
12.101
1.97492
0.40922
1.62489
1.03835
1.02272
1.73946
1.3695
0.337643
3.54489
3.07579
0.959704
2.47258
0.525887
1.48183
1.46155
0.656365
0.546836
1.34677
1.64054
4.74368
1.23312
0.651439
0.47629
3.5113
0.75131
1.83497
1.10728
1.58286
2.57858
1.39494
1.01935
12.5575
1.66894
4.93585
1.25541
8.2809
1.18307
1.43191
3.54509
1.08925
5.34174
1.3445
1.06187
1.62332
0.448754
1.88948
1.83533
1.40713
1.43185
1.00206
1.14034
1.13868
1.38018
0.40424
0.538971
1.14433
1.39179
0.766695
4.32326
1.22462
1.76843
0.898899
1.35771
1.10874
95.6809
1.1047
4.47592
0.748737
1.21501
1.02874
1.92312
3.0171
1.1521
1.00186
2.08583
1.58551
1.03667
1.349
0.417198
1.03592
1.34898
6.3594
1.37298
4.07185
1.36898
1.14985
1.02561
1.13078
1.1537
3.2786
1.42922
1.4735
0.936228
4.50078
9.33675
0.731826
0.33823
1.87753
2.18787
1.95806
1.02749
0.497423
1.91889
1.60567
3.83227
4.37332
8.47554
1.22494
0.372273
1.36452
1.80272
4.88968
5.7501
1.61173
2.62881
0.601198
0.462839
1.47134
1.53498
1.54678
1.25729
1.29401
54.4508
0.740048
1.95356
8.78206
0.963859
1.56407
1.37722
1.42081
0.677549
1.66687
1.20066
84.8352
1.61827
0.764972
5.9343
9.43895
3.81051
2.90872
1.50841
1.46957
2.98741
1.51145
4.42797
0.750819
60.8646
2.46767
1.76718
1.95598
2.05693
1.06107
1.41896
1.33603
1.36405
1.86001
1.21562
1.67172
1.31325
1.07886
0.542295
3.33728
1.29609
0.96094
1.2914
1.10721
1.69229
86.0916
6.09888
1.13735
1.04881
1.08292
1.22215
1.42942
1.37435
21.1665
1.17109
0.919621
2.55917
1.08852
1.04989
1.5755
521.888
1.56443
1.15752
3.46135
1.04329
1.15578
1.35501
2.27478
2.87346
1.15916
0.375805
0.771784
1.14151
2.18994
1.69232
0.873494
2.81818
1.55154
1.12681
2.13907
6.88544
2.30016
1.62618
2.3383
1.57636
0.887381
1.91371
4.07958
1.5009
3.96098
0.759612
4.14193
0.342849
1.07018
0.927051
0.463064
1.23447
19.5411
1.03185
0.950852
12.8927
0.37909
14.8288
28.6176
1.66488
1.35457
0.589046
0.377228
2.76056
1.698
1.05564
1.99733
1.06563
1.54175
1.11083
2.93385
1.13592
3.04678
1.38936
0.951991
1.72871
0.409128
4.3058
3.2859
0.467878
1.97896
16.8768
1.07966
1.05547
3.66527
1.59079
0.564258
0.356995
0.634599
1.11024
0.873037
2.9018
2.38807
0.496208
1.85901
5.01864
0.670544
5.52454
1.06407
4.00844
2.44643
4.02206
2.27308
6.33544
1.8213
218.072
1.76844
0.858209
2.90635
0.359892
3.34951
1.07156
2.36732
0.493104
2.56346
1.09826
0.777761
0.358433
0.441671
2.2308
1.78116
1.0197
1.48391
1.31944
1.15669
2.99851
0.377331
0.423464
1.77982
1.16177
3.29579
11.4384
1.06072
1.28366
0.615038
2.97231
0.478587
1.2765
0.52078
5.45538
2.61457
5.03507
1.46768
1.03918
1.48257
17.1804
1.42677
1.36339
1.15515
1.28492
1.06702
0.694056
1.29641
1.47219
1.22032
0.36942
6.40744
0.540013
1.04829
1.60848
1.50155
3.06381
1.14741
1.28906
1.31603
1.24296
2.69696
1.24961
1.00948
1.96488
1.14479
1.32227
1.39649
1.79337
0.343096
2.25417
1.13246
0.758712
0.570144
0.529011
17.3002
1.53739
0.805586
1.34399
22.8476
1.00551
1.09388
1.12192
2.04027
0.600293
1.33318
0.394201
1.17868
16.8721
1.60909
0.367522
3.95893
1.15888
1.26242
2.97765
1.62117
0.442661
14.9102
1.91404
0.345714
13.0267
0.772742
0.488104
1.13801
1.24289
1.64692
5.33231
0.527361
2.26141
1.09216
0.633548
1.65382
1.00708
0.392252
1.94984
0.423521
1.00149
1.11976
1.08622
1.02919
1.24125
1.68824
1.29694
0.955637
2.36076
0.894769
3.37193
0.37947
4.38319
9.41931
1.61913
9.16522
1.15585
2.09393
0.758096
1.19226
0.895407
1.77075
0.426649
1.73832
1.4609
3.20645
2.095
2.62995
20.7089
1.79565
3.91161
0.400102
0.661081
0.440474
1.60906
1.14498
3.06432
0.977311
1.90115
9.38325
0.428846
1.25275
17.2117
0.460863
2.37643
1.29767
1.46147
1.32794
5.36002
2.34066
3.66948
1.04595
1.59013
1.45297
0.355229
1.15376
3.10728
2.7666
2.05747
1.05776
1.44318
0.464095
1.7
0.751962
1.57777
1.30462
1.00948
2.66311
1.08445
1.00547
1.69797
1.40783
0.550759
0.435622
1.21756
4.04111
1.28926
0.471612
0.490143
305.431
2.73117
1.0701
4.30811
0.34736
9.77262
1.23092
1.06013
0.427125
1.03969
2.02983
11.2797
3.35488
1.12634
1.43462
1.08773
1.08277
2.56458
1.83336
1.51937
1.38921
1.31128
1.14175
2.27978
1.58308
1.80077
3.05924
1.3669
1.29786
2.1921
1.0616
1.16879
1.20376
2.18568
1.82436
0.548428
0.836611
1.19589
1.15331
1.51368
33.6461
1.35707
10.5806
1.80147
1.15258
0.816094
1.72957
1.02083
0.699544
19.686
1.07689
1.08198
1.26628
0.687259
1.63016
1.02075
0.447155
1.76065
5.80805
0.477695
0.438877
0.729631
1.08252
1.42472
0.370305
1.12752
1.01786
0.865263
1.28093
0.722913
0.574359
2.11067
1.39552
1.05356
4.99385
1.03326
1.01375
2.04791
3.32894
0.415576
0.408079
1.3641
3.28063
1.24758
1.7588
1.22693
1.30382
1.22618
139.65
34.7424
1.14558
6.89305
1.31653
1.10072
1.59068
1.09294
1.08716
11.6224
1.09666
1.04766
0.374415
2.27879
1.15621
2.22907
5.77184
1.18756
1.15047
7.10282
1.71933
2.25511
0.42302
1.42586
8.75626
1.79137
8.80623
1.74906
0.351999
1.21941
1.62227
2.3115
2.05138
1.14535
4.78894
1.32787
3.74782
5.15318
0.884103
1.07372
0.388936
1.95987
10.3614
0.42577
1.75553
2.91322
50.4992
4.49296
28.451
1.76115
1.40751
2.53709
375.791
1.76098
1.99688
0.560559
1.47119
1.12515
1.22659
0.376886
1.4939
1.15242
1.44462
0.372895
1.06145
0.770246
2.1936
6.01694
0.680801
0.348322
2.81108
0.812775
1.11893
1.65537
0.801278
0.995588
1.11487
0.342875
1.4357
1.3064
1.06067
8.51346
2.37769
0.372511
0.334105
1.09826
4.24072
0.379487
1.10861
1.34405
2.15819
4.60836
1.25763
8.61392
1.01046
1.44146
0.648626
1.07821
1.73673
1.49026
2.86691
7.00318
3.65579
1.22292
1.45697
0.680911
2.73411
2.09615
1.126
1.65565
17.0573
0.482959
3.22678
0.584486
1.05967
1.46967
1.41949
0.452797
1.05464
1.34648
2.75441
2.59608
0.354571
1.31655
0.67789
1.02401
1.0281
1.88613
1.12598
2.89562
12.7587
7.06464
0.4722
1.16098
125.594
27.7496
1.04959
0.536484
8.31
2.23195
0.772146
1.03423
1.25211
1.31215
1.12556
1.33568
0.544818
1.15905
1.50867
1.07769
1.23637
4.74327
1.8989
3.09962
10.1358
1.03196
1.18316
1.2564
1.96268
0.669666
1.90883
48.6438
1.02061
0.382655
0.575085
0.677398
1.86115
2.67129
3.29509
2.22072
2.98633
150.301
18.6478
1.17146
0.887787
3.10917
1.2123
1.2631
1.0549
1.88709
1.62048
1.88019
2.0337
0.499729
1.29897
1.19757
1.07403
4.6756
1.16428
0.561135
0.846304
0.73494
1.01896
0.386265
0.939147
1.10122
1.19221
0.379012
1.30121
0.429352
13.1089
0.379211
3.97443
0.489655
0.683936
1.3643
1.34824
2.58459
0.811374
25.2769
3.80319
0.397886
1.26825
1.05616
2.38116
1.0518
1.66712
1.36632
0.541894
1.81047
29.82
0.408301
0.756386
19.7581
1.18378
1.06469
0.828495
5.63504
9.37801
0.856791
1.19019
0.335069
0.927726
1.04659
1.21009
5.49646
1.26634
8.06814
9.20223
1.57753
0.816959
5.58047
1.07842
1.37136
5.17172
0.554339
0.824213
1.84149
0.63523
1.85798
1.23652
0.521725
2.29238
5.38939
14.2971
1.35832
1.03733
1.95509
1.92691
1.28724
1.64276
1.16336
2.37406
1.08218
1.01908
1.35117
6.15673
0.577917
1.57306
0.52558
6.22321
3.418
4.46982
1.31013
1.47474
1.26278
0.984721
2.46494
1.10115
1.33926
1.07462
1.27996
11.6356
1.91587
1225.14
1.01037
1.22599
1.18165
2.91472
2.65426
1.57294
2.86259
1.03152
1.85725
1.93412
2.73983
1.74838
3.05287
0.986708
1.60991
2.0851
1.24099
0.428589
1.91099
1.86319
3.11753
42.7068
1.423
38.3436
3.29912
1.33486
0.477402
0.413569
1.02938
2.23086
1.21489
2.037
1.02632
1.1747
1.20565
1.04057
0.629449
1.90717
1.13647
5.1126
5.09496
1.02409
1.35354
2.33491
0.357794
4.60024
1.46804
1.2532
0.820643
0.981107
2.31261
1.15669
1.40533
26.2256
0.459073
1.02672
1.33219
0.702986
5.23118
2.00111
1.38144
18.2096
1.53174
1.30485
1.10348
0.374386
1.26217
1.19321
2.66458
1.60161
1.64165
1.0393
1.38773
0.427114
3.05916
3.476
2.50825
1.59709
2.1645
3.71199
1.19078
5.36047
1.15909
0.395087
7.17826
1.05806
1.0359
1.00698
8.05661
1.1604
4.19257
2.59297
0.565204
1.40776
2.34751
1.27335
3.22142
19.7255
1.09014
0.664299
5.24846
0.743845
0.933226
1.80969
5.49703
4.01093
0.826334
2.28569
0.641571
0.620437
1.02744
3.18314
1.27698
1.45189
1.03317
58.9523
0.531298
0.61966
62.8941
0.444819
0.361748
1.06247
2.27556
0.346702
1.07856
0.788368
26.3731
1.33073
0.97937
2.47695
14.4225
2.22134
1.29293
1.18754
1.12311
1.82993
0.582201
1.97361
5.59184
1.43518
1.02404
1.29523
1.21822
12.7545
1.22287
2.42211
3.54427
0.708573
2.0839
0.7822
1.23276
1.23889
1.56168
1.20104
1.02792
0.48415
0.821303
1.40283
7.01559
0.912592
0.742331
1.16378
2.099
4.06143
1.17778
1.92822
1.67254
1.09637
1.55514
1.10987
2.17717
1.18226
2.37416
5.64603
1.08442
14.8171
1.19036
1.02731
1.8765
5.44173
4.06001
0.360665
1.53788
1.21931
2.07452
2.77067
1.91816
2.42902
1.14963
1.86907
1.33808
1.06771
1.56849
1.23317
1.43957
0.443278
1.89623
1.03445
1.20519
1.3374
0.387513
2.10212
0.338843
1.13365
0.388945
1391.68
9.78172
1.00544
1.92776
2.93008
2.35873
1.85392
6.13087
3.51222
0.397713
2.05956
1.59792
0.670217
0.431063
1.37897
53.5774
1.24898
1.11006
3.74483
1.00784
1.14848
1.11827
2.34993
4.85634
3.27317
0.816574
1.83563
1.55799
1.06129
1.70847
1.35669
0.695098
5.0087
1.09405
10.4201
1.29182
1.41143
0.558587
0.67377
2.43845
1.13347
1.14221
0.40728
1.41912
1.04586
1.76486
1.82851
1.63373
10.5194
10.6726
4.35335
0.399012
8.47707
0.452708
4.45454
3.56505
0.930885
11.7729
1.31416
8.10921
2.24798
3.46821
1.20735
3.97275
3.45234
1.96356
1.20838
2.28396
1.57015
1.23353
0.612151
5.29431
14.001
2.73151
1.15124
1.04987
1.26223
7.55897
1.01938
4.45274
1.05805
6.43335
1.01184
0.485021
1.28807
3.40732
2.30029
0.391742
1.78834
0.338154
0.644206
1.29201
3.66782
1.02149
2.1735
0.686412
1.38254
1.19461
1.06452
0.697563
1.82362
1.20208
0.593444
1.47772
38.5515
1.18628
1.17554
1.29057
32.4287
2.52524
1.32888
1.7467
1.90133
1.5515
1.38877
1.34718
1.25515
1.15418
1.27672
1.15064
1.11527
1.07523
11.3938
1.46105
1.78466
0.362909
0.611807
5.64521
0.619912
0.352553
1.65245
1.85989
1.23573
28.1504
1.033
1.35699
3.79703
0.429364
2.00184
1.4556
2.68838
1.15222
1.00591
1.65314
1.66832
4.24344
1.25501
1.24225
2.04722
1.00305
1.72319
1.68259
33.019
0.430335
4.60759
1.16811
0.699154
1.35062
1.24658
1.15437
1.31252
1.09651
1.12108
6.41486
2.25462
0.713502
1.05092
7.41925
0.392636
1.29436
1.09684
0.680865
1.15232
24.4999
2.43712
1.23739
1.04224
1.84208
8.14404
5.05952
1.30942
16.3694
1.52298
1.02026
4.00716
1.07304
1.96014
1.7328
2.1562
1.40831
1.83616
1.02746
2.11611
8.01974
6.14787
0.984436
1.97855
2.05759
1.85244
0.441309
0.58172
1.6201
1.68246
1.72975
1.07211
1.67382
0.730082
1.27564
1.16604
1.32421
1.29954
2.07586
1.39038
1.66582
1.24783
1.2818
0.556277
1.64858
1.30534
1.51596
357.568
0.922699
1.18052
1.14252
4.1
4.71709
1.04201
1.61782
1.41671
1.69733
10.4884
1.03126
1.24381
0.485142
49.3839
12.2718
1.21796
1.48495
9.35841
1.0805
1.3187
2.71649
1.27909
1.02049
2.55009
2.02472
0.55526
1.36471
0.504222
1.26287
1.01965
15.2788
1.04163
2.19565
8.96539
1.35816
0.459533
1.28176
2.02514
9.95695
2.06213
2.14902
1.12444
2.80697
1.00453
1.61058
16.3763
0.599202
1.45933
5.79834
4.17758
0.85219
0.806286
0.679038
1.08248
0.44779
3.62036
0.517783
1.24996
0.546091
1.66855
1.1362
21.7005
1.26402
2.22434
1.0554
1.08517
0.728069
1.82541
2.55162
1.45565
1.89651
5.56552
1.10431
4.15228
1.77376
14.4931
1.61725
1.25241
0.938288
1.42901
2.55982
0.355272
1.31902
1.3796
1.11857
1.07179
3.91982
1.10508
1.03959
0.57127
1.12882
0.368998
5.36866
11.1594
0.965094
1.15284
2.18347
9.35762
1.46203
1.28412
3.29595
1.71427
2.6694
3.64699
1.1603
3.65369
1.08334
1.13765
0.803698
1.06835
0.62567
1.11371
3.56727
33.073
1.00885
1.31408
1.04613
1.24145
1.33893
1.37692
5.48785
1.45665
9.05372
0.346407
1.70995
1.4936
0.385648
1.41883
0.786032
1.63653
0.593769
9.99622
1.09662
2.10903
1.49578
1.44797
6.62579
4.30436
0.507749
0.341194
12.0017
1.18862
184.998
0.490909
5.41739
1.10059
2.1848
1.39715
1.04269
0.766872
1.68861
2.52375
0.335739
1.46735
1.69009
1.44585
1.03053
0.463811
0.973921
1.44579
1.20194
5.01337
0.333693
1.83014
3.98051
1.01791
1.72049
5.82344
1.60632
1.13451
3.019
1.61289
2.5089
2.77988
2.18728
0.771675
0.640354
2.12283
1.2938
1.69157
5.23534
1.11183
1.06521
6.95746
2.11757
3.27476
3.35329
1.13855
3.08663
1.21362
1.95069
1.16131
0.344018
1.63642
2.35857
4.92111
1.64386
1.06361
4.1119
0.488019
2.96738
1.16511
2.70643
4.26998
54.9318
2.48491
5.59415
3.96052
2.5898
1.82063
21.6157
5.07505
2.987
1.60543
1.80024
1.54332
3.00837
0.569706
2.10133
1.65426
0.833077
1.68509
1.31272
7.23276
1.01444
1.80013
1.42369
3.05626
1.5402
3.10731
2.47398
0.925932
2.09916
1.093
1.14755
1.16137
7.49921
7.13383
2.40341
0.417086
1.52904
0.378616
2.15066
0.538981
1.02323
4.16331
1.07222
1.44723
15.4022
1.05507
1.181
1.06063
0.470347
0.373601
1.28169
1.25682
2.16168
65.2535
7.90347
2.84231
1.00423
1.67797
1.76462
29.4379
1.60858
0.940498
8.32971
1.6163
1.04214
11.544
0.469776
1.41756
1.54371
2.39359
0.458164
0.435731
1.08789
1.29042
1.99575
3.94267
5.27592
1.02722
1.00749
1.26947
0.404497
8.14626
1.45977
1.80177
0.487202
1.25553
1.10483
9.68144
97.9306
2.15272
5.81337
1.07478
37.6236
1.72944
1.20441
1.35947
1.02031
1.24643
1.76762
1.03451
1.4903
1.43534
1.05801
1.19568
14.1981
0.436186
0.341917
1.34473
1.1977
1.37912
0.833191
3.32095
9.16702
1.81618
2.2556
2.58798
0.352061
0.826923
0.942026
8.67865
1.41865
1.65484
1.4089
5.19854
0.966439
1.26751
6.05668
18.1491
1.02701
2.33497
1.16727
1.68445
4.78343
1.91129
0.420905
1.16034
1.06385
1.05607
2.01855
3.99475
1.68009
0.639786
12.7822
2.28729
6.05033
0.37629
4.75714
0.463337
1.11967
1.56626
1.83648
1.61431
1.15573
1.45972
1.24828
2.27896
5.25708
0.991426
1.36691
2.34039
3.67836
1.03234
1.10968
0.385691
1.61175
3.68776
5.49609
1.11367
3.08791
1.36839
2.50216
1.84183
1.62071
0.463495
0.728369
1.12132
2.22753
1.29781
1.0911
1.32151
1.59517
3.24455
1.32495
0.391957
1.05798
102.621
7.75062
2.06772
1.19331
1.01611
1.25497
1.70184
1.83868
1.78072
0.446236
4.71267
1.20694
1.28417
11.5018
1.3762
1.71932
18.0266
1.64351
2.953
17.4341
3.12085
1.32651
0.933646
2.99156
0.341978
0.533602
2.18795
2.55556
3.37825
0.607682
0.353087
1.04629
131.753
2.31904
2.66179
0.494579
1.27899
1.84055
13.7093
0.942004
0.50178
0.387589
1.25084
0.511404
2.19449
0.413607
1.25418
0.382109
0.447004
7.63802
50.1962
0.448512
1.01375
1.43694
2.14531
0.567654
1.02389
0.558526
1.12264
4.50681
3.35236
1.21333
1.34716
2.15763
1.78233
0.863897
4.721
0.492147
7.0837
1.58564
1.36683
2.06779
2.49354
0.765474
0.405096
1.09667
11.8094
1.95612
1.29685
1.44165
4.4634
0.692624
1.61452
3.24307
0.510407
0.491007
3.44432
0.83054
4.86893
0.64922
0.428718
2.17039
1.94994
0.72909
2.70712
2.93015
1.02328
1.07055
1.28009
0.446947
2.04056
0.605533
2.19309
1.67434
6.97314
0.701436
2.49396
1.50863
4.95598
1.51769
1.23762
1.68987
10.5043
1.29873
1.46226
1.16021
1.06062
1.30869
0.918517
1.10801
1.5103
1.2747
1.19749
5.88592
1.32687
1.37464
0.777418
0.965813
0.504307
1.56613
0.733838
0.543403
1.45564
0.660836
1.30985
1.03873
4.88801
14.3128
7.10254
0.978192
2.44995
1.01954
4.94871
5.50264
21.8824
2.11459
1.09004
1.2388
0.652745
1.54791
1.76052
1.31518
0.8818
1.0583
1.26278
1.4025
2.20211
0.391607
3.47925
1.07609
1.40805
1.18417
1.52883
1.82141
0.7081
2.86183
0.436639
0.739821
1.18353
2.86102
1.5745
1.99548
2.54174
1.76216
1.1204
1.17137
1.94215
1.78774
1.24542
1.83287
8.67567
1.03484
0.479371
0.363797
2.0158
1.1087
1.21804
2.63691
1.50123
0.347964
1.70184
2.03038
2.9091
1.27705
1.41681
1.35943
1.3484
1.09737
0.530566
1.04336
1.15425
6.48609
1.06009
1.54049
1.00445
3.98452
2.08094
0.34784
1.71522
1.75347
1.19921
2.80721
3.59618
0.740413
1.20444
0.359135
1.25797
19.3289
14.2722
1.00268
0.442425
1.6453
1.60644
0.509273
1.33474
1.12202
1.73727
1.0622
1.31774
3.23572
1.37967
1.53589
1.02591
1.79456
0.410021
0.37683
2.65054
1.03075
1.90784
1.49688
1.61179
1.47484
1.39947
2.92265
0.576443
3.2032
1.88093
0.372204
1.11382
1.36423
1.12491
1.01129
1.22192
1.65984
1.17326
1.35928
1.36824
2.76421
1.20649
0.746481
1.01258
0.631318
1.37949
35.2251
0.365068
1.11169
1.32819
0.891026
2.40643
2.47851
1.31408
1.0137
1.48909
2.93718
8.43479
0.723507
1.53441
3.1462
1.26752
5.05088
1.0472
1.79937
2.01405
1.228
1.1804
0.708413
1.14987
2.26571
1.01656
2.82285
15.594
11.5731
0.584342
1.06271
0.647043
0.414213
2.00562
2.04612
1.07565
0.583297
4.88468
0.758873
4.62805
0.366549
2.59621
0.854682
1.17328
0.394027
1.00935
6.08059
3.83402
3.66264
5.6784
1.19375
1.34494
1.16108
4.07771
0.402567
5.314
1.33593
1.05489
2.61987
1.06477
4.08088
1.07658
1.12219
1.05931
1.01716
4.46607
0.859745
2.38368
0.99306
1.39274
7.06187
1.68595
2.00284
4.24585
1.14471
0.530902
80.9845
1.59733
0.603267
1.12615
2.82186
0.856606
1.53848
12.5905
1.95187
1.19321
1.70147
2.13914
1.20925
0.538466
4.3921
2.44208
1.15585
1.4861
1.41184
4.40275
1.85248
1.0778
1.62824
1.11338
2.77178
0.772495
1.20447
0.892235
1.83901
1.41253
1.67011
3.24724
4.61793
1.18017
2.21582
1.3054
1.40517
0.943563
6.16429
6.29395
2.03492
28.6935
0.873871
1.04139
8.93746
1.04752
1.38866
0.456047
0.886353
0.599872
1.29163
3.80298
2.64006
3.05222
1.28592
1.48851
1.26081
4.33678
1.42446
7.72296
0.43372
7.26962
0.85663
3.9335
1.53041
1.13792
1.51618
1.26436
5.81835
0.619045
1.441
2.71653
0.398168
6.71537
2.05536
1.01327
1.90114
1.02694
8.34758
0.358507
4.86345
0.577031
2.82024
7.85231
28.7152
0.538678
1.41975
0.533383
1.0033
0.40686
1.77994
3.41314
1.53956
0.372901
8.52065
1.73441
4.52318
0.348611
1.8819
1.0567
3.28591
2.40383
1.08533
1.30025
1.00104
1.10013
1.17833
0.334182
17.6529
5.54346
0.71138
9.65534
1.75087
1.09277
2.02479
1.065
0.673688
1.29909
1.12137
12.834
0.372385
1.367
5.98353
6.90568
1.62623
1.75546
1.19549
1.09299
0.733829
2.87698
2.36556
94.7991
1.47831
1.499
1.11086
3.58927
1.06131
1.06463
1.67189
4.42785
5.57747
3.16393
6.59056
2.6612
106.495
1.02848
0.926523
1.36922
1.08924
2.0461
1.91623
0.49392
3.17949
2.86783
2.00232
1.03273
4.0815
2.46704
1.88645
1.05079
1.02034
1.01173
17.682
1.28362
0.340022
0.864738
1.04657
1.35763
0.446551
5.96236
0.381117
0.725117
1.11493
1.35425
1.49491
2.40874
2.21895
0.484609
0.607565
1.03334
1.66871
1.68071
43.7859
1.03112
2.24585
1.33549
3.89776
1.17434
31.575
0.482965
1.05472
1.48864
1.15451
1.56516
1.51045
1.28429
1.06335
4.05321
1.43349
1.45672
0.439515
1.10132
1.71932
1.33949
1.02263
0.672555
9.91029
1.25288
1.36066
2.95021
1.01356
1.77616
1.20721
3.68018
1.1103
1.2347
1.27633
1.19957
1.0072
1.43947
1.27712
1.66719
1.09602
0.7101
0.990155
8.47751
0.558543
0.346693
0.789626
1.31843
1.16888
1.9943
1.79383
1.10859
1.27726
2.40855
4.81413
1.66547
1.03824
1.49897
1.07074
1.05009
1.24235
0.753456
1.18637
0.371297
2.15892
2.29669
1.45305
1.01849
3.34119
1.10207
1.12548
1.28925
4.08278
0.444817
6.37606
1.32958
1.58014
0.847396
0.536865
1.88165
2.78305
1.39645
2.07539
1.01577
2.10579
1.35693
1.13942
2.7797
4.58521
1.01556
9.48771
1.03993
128.28
1.06832
1.02155
0.616609
0.915395
8.33502
12.1458
0.930003
1.08908
5.16174
0.483842
2.26108
1.05404
0.425992
1.18681
1.16462
1.0565
0.4097
1.14315
2.20482
5.3026
1.24396
3.52749
1.48317
1.24625
5.32778
1.00921
1.23596
2.00597
1.19367
1.34305
1.26009
0.596787
1.88277
1.22658
8.28693
0.388668
2.233
1.38028
2.98978
30.9022
151.279
0.6396
0.371254
0.935089
0.803669
0.346333
1.34336
1.07915
1.37276
0.419336
2.8741
1.03503
14.034
1.14213
1.00097
1.2287
1.83092
1.67372
2.62928
1.12677
1.13058
0.412597
1.13235
0.580165
45.5798
0.479593
1.10991
3.54425
1.81254
1.31039
0.624108
16.7103
1.51546
1.2468
152.578
1.19
1.59702
6.49735
2.2792
0.909201
2.89653
1.1852
1.73708
1.81877
2.68361
1.09839
0.397608
1.57245
10.2468
2.93722
5.94184
1.77822
1.84612
0.534926
2.00292
4.45853
1.78112
1.55943
1.73317
0.350269
1.60991
2.07589
0.909333
1.12921
14.6436
1.26327
1.54848
3.19178
2.45321
1.19091
1.2814
7.25227
1.02814
1.31417
0.443493
1.25851
1.07237
1.05347
2.86464
1.01818
1.05463
1.25576
1.07752
2.37626
0.700348
1.51304
2.4078
1.21522
1.79245
0.423057
1.09067
1.11346
17.331
2.09544
5.64276
0.37579
1.00354
2.42822
0.549077
1.23851
1.04435
0.347549
0.51501
5.41659
2.77029
1.8342
1.31164
0.531298
2.76354
1.72326
1.02494
1.22945
4.3587
1.14811
0.666975
1.02138
0.83006
1.01363
1.33544
1.51792
2.09447
1.01487
2.78395
2.36387
1.71221
1.39502
4.34334
1.01445
11.8786
2.15973
1.41165
1.13833
1.30849
1.48228
2.20921
1.71233
2.39588
1.16478
0.37621
0.506068
1.09328
1.98535
6.184
1.62779
1.15799
2.92676
2.09033
0.76524
1.23344
1.44473
2.29274
7.40847
0.556052
1.32193
1.81984
0.639533
1.09334
5.20947
1.47889
0.915581
1.18611
0.612628
0.623719
1.80445
1.18994
1.18871
4.43767
2.63993
0.568682
2.14714
11.6971
1.57209
1.78196
1.19821
1.18659
2.60922
1.25004
1.06548
0.487375
1.55581
2.32515
1.03962
1.01791
0.876067
0.620529
1.35885
1.61293
0.69221
4.3028
1.06132
1.92633
1.24947
0.610549
0.815941
1.13754
1.04782
2.56835
1.24807
1.04435
1.01342
5.2475
1.80615
1.55239
0.422573
0.875027
6.21249
1.99131
1.04992
1.5441
1.27283
39.9289
1.40523
0.394622
1.32213
1.43327
1.20925
2.98904
2.12052
1.49033
1.52135
1.35904
1.12941
1.01748
72.3756
0.752806
40.5485
44.9434
1.53402
1.62581
1.24852
1.12363
1.84596
11.3336
1.03585
4.38858
1.10058
1.25557
1.27372
4.83748
0.471046
8.31201
2.10101
1.43194
1.09642
0.53919
2.84467
1.46995
1.08079
2.02168
1.10826
0.849889
71.7961
4.54428
1.30225
1.01327
1.27505
1.50068
1.92409
1.08364
0.467832
1.93262
1.70474
1.75504
1.00807
1.13209
0.599056
1.25935
1.8976
0.694243
1.31627
1.41474
0.472057
1.34455
4.08496
1.11962
1.31192
19.6837
2.01799
46.8846
1.18153
1.34599
1.89369
30.3794
3.05453
2.48378
0.699806
1.06694
1.32905
0.653596
4.25202
2.67153
4.62724
2.23257
0.512931
1.09071
1.25714
2.2918
2.4639
1.17235
1.24105
1.10876
1.10685
1.29824
0.51609
2.9212
1.15904
0.819731
3.01911
1.00831
1.47815
0.402526
1.54879
0.861576
1.17415
1.27586
1.89111
3.76569
1.52094
2.1774
0.347963
1.05747
1.95637
5.77845
2.11072
2.36129
1.17366
1.29792
1.42216
1.37885
1.07757
1.62704
1.28652
1.06242
1.28769
3.28802
1.25444
1.24124
1.00984
1.47685
33.1355
2.16075
1.48023
0.619382
1.32981
1.27356
1.96971
8.62176
1.26181
1.05755
3.05431
0.632484
1.3014
1.38988
3.3959
0.64393
1.02738
167.812
7.2681
0.928705
0.438507
1.07892
1.10893
1.59678
1.63026
0.458997
1.22498
1.11828
0.788469
1.35268
0.610371
0.426307
1.11035
1.20434
0.710358
2.5146
0.885556
6.44435
1.10262
0.583059
1.057
4.21413
1.13298
3.42593
6.23051
1.672
3.96361
1.90517
8.68153
1.46048
7.55853
1.34981
2.2445
3.50548
1.05648
3.89712
0.831213
0.522761
82.7777
1.81945
1.15861
1.51495
534.802
1.35197
1.70543
2.12159
47.4204
0.708877
0.902156
11.7723
0.504291
1.08313
1.30503
1.3847
0.346987
0.545351
1.30145
1.45716
1.2884
1.5509
1.83197
19.9133
5.79602
1.73799
1.0114
1.07905
1.72593
2.30871
2.2225
1.31755
25.8904
1.06608
1.0132
1.02731
0.438417
1.27914
1.01968
2.87721
1.08757
0.81634
1.22634
1.05946
3.36425
1.71053
2.166
2755.16
3.67631
1.04814
2.90549
0.600102
1.15872
1.601
0.730136
1.91089
0.714717
1.01853
1.48056
0.358228
0.628032
6.10475
2.24686
0.471606
1.43497
5.73774
0.583846
0.893648
2.32749
1.03634
2.89116
0.680717
1.0285
3.22726
1.70121
1.54939
1.05194
1.19933
1.28273
2.00482
1.64881
2.38632
0.527205
0.993177
1.6266
1.41069
0.69045
1.35681
1.39076
4.65941
13.1031
11.1258
1.14856
1.29128
1.59944
1.25159
5.73529
29.4778
5.96805
1.37737
2.35235
1.394
1.23713
3.7856
1.78473
10.2672
0.5461
21.2907
16.211
1.03513
6.39857
1.01776
1.57245
2.65705
0.616044
1.10257
3.11094
0.346361
1.18417
0.730421
0.600317
1.66591
2.25569
0.764357
2.38576
1.67544
27.3251
1.55037
1.22866
3.10968
2.7057
2.09026
2.00284
87.9467
1.18679
0.443853
1.51063
0.588523
2.33687
1.0599
3.19613
1.04356
2.97475
1.63697
2.00675
0.538024
2.103
3.16662
1.43924
1.02135
1.23173
1.11907
0.394735
1.60335
0.808138
4.28568
1.90717
3.62039
1.1765
1.066
6.33226
1.17128
13.0942
1.08145
19.1153
1.00594
1.36106
0.387675
1.01977
1.2045
1.40284
3.00789
1.06163
1.25072
1.27653
115.234
1.18707
1.28509
7.82932
0.977422
1.65704
104.989
1.52805
1.23224
3.41526
1.36429
1.4061
22.9135
1.37709
1.41005
1.92772
1.53699
4.10911
0.423039
1.53817
1.48295
1.0821
1.58876
1.08487
3.22272
1.06322
0.401044
1.60866
0.789368
1.8081
3.23062
4.18193
1.15313
1.02213
0.459187
1.93
0.456609
4.01875
1.83009
0.481829
4.24786
1.00179
1.69907
1.26888
0.547308
1.73467
17.6821
1.85005
1.68075
0.367155
1.94117
3.23407
1.80115
1.30603
0.439384
1.09439
2.97018
1.08248
1.06548
0.755803
1.15185
2.48111
1.03966
1.22307
1.11489
1.97382
0.71706
0.468137
1.0191
1.33411
1.57943
0.84543
0.764329
1.26936
0.510831
2.00721
0.340971
6.85542
1.7132
1.03512
1.11094
1.40077
0.56859
1.26548
0.380247
0.483897
2.66148
1.03517
1.02481
1.3662
0.729768
1.103
0.727756
0.617494
7.21877
1.13788
1.47833
0.857834
0.683175
1.12107
1.78772
2.61418
1.19603
3.03868
1.18547
2.04166
1.12944
6.88256
0.641443
1.23539
1.48119
1.9466
1.06877
1.8502
0.821274
1.11868
3.16686
0.839664
1.50826
4.42306
1.56655
1.16946
13.4026
2.77576
0.3401
1.11773
2.45988
16.1434
1.10527
1.02808
4.23752
0.377706
0.701742
0.437558
4.27916
1.23926
1.90073
0.49444
13.6993
10.7068
1.08507
3.60802
0.4237
1.22933
0.793716
0.480534
4.37313
2.33292
2.87359
0.393532
1.04572
1.037
1.70629
1.01109
0.458694
0.43304
1.3288
1.5539
2.10499
1.4991
7.43186
3.78267
1.11993
2.1442
1.70578
1.14871
1.18548
12.6421
1.00438
2.83987
4.66499
6.54042
1.2589
1.16552
2.61356
1.47016
1.05278
1.94574
1.21086
2.28231
7.50597
1.02952
1.62356
1.29925
0.50663
1.11062
1.24316
1.50803
4.3098
0.888772
0.453396
3.24028
0.40748
3.44844
1.78964
3.94521
1.33737
42.7958
0.773689
1.68748
1.71096
0.820205
0.387147
1.86392
1.6317
2.00401
1.20115
1.19476
1.10652
2.27587
1.84381
5.61045
1.3788
1.04497
5.04516
1.01483
0.417013
1.35181
3.77292
8.50049
6.33588
3.48736
0.943813
781.855
1.12884
1.15123
0.675309
1.86767
7.54441
1.10236
3.09201
1.85956
4.03369
1.12383
0.398259
0.901187
1.31141
0.805255
0.407793
1.15715
21.9656
1.2162
2.08077
2.15556
1.13745
1.06421
3.39525
2.00017
3.20139
3.68499
1.40134
1.03508
4.36161
1.13614
1.44251
1.30025
0.387922
0.677152
1.01461
1.60276
0.527492
22.856
1.28878
1.27548
8.08003
1.9723
1.37978
1.14549
3.2573
0.694962
1.42644
0.830594
42.227
4.29571
2.01467
1.09911
1.00859
2.27249
1.00706
1.65464
0.978141
1.33839
1.27039
0.976338
2.23025
18.8642
0.932633
1.0012
1.56169
0.982744
1.36352
1.13941
3.02147
0.82047
1.26319
1.19549
1.39554
1.09087
1.11006
1.1505
0.6725
0.770962
1.3219
3.43259
1.02172
1.80101
1.47438
2.28918
0.389767
1.80565
0.428161
1.03081
6.78781
0.665556
1.05801
18.5684
1.17156
1.80926
1.05172
2.46237
1.41724
0.399792
0.347227
1.20916
1.215
1.08453
1.20437
1.29829
8.50268
1.27333
0.339912
0.459436
1.72588
1.97024
1.73196
